dim = 2
$Nodes
45
1 0.0 0.0 0.0
2 0.25 0.0 0.0
3 0.5 0.0 0.0
4 0.75 0.0 0.0
5 1.0 0.0 0.0
6 0.0 0.125 0.0
7 0.25 0.125 0.0
8 0.5 0.125 0.0
9 0.75 0.125 0.0
10 1.0 0.125 0.0
11 0.0 0.25 0.0
12 0.25 0.25 0.0
13 0.5 0.25 0.0
14 0.75 0.25 0.0
15 1.0 0.25 0.0
16 0.0 0.375 0.0
17 0.25 0.375 0.0
18 0.5 0.375 0.0
19 0.75 0.375 0.0
20 1.0 0.375 0.0
21 0.0 0.5 0.0
22 0.25 0.5 0.0
23 0.5 0.5 0.0
24 0.75 0.5 0.0
25 1.0 0.5 0.0
26 0.0 0.625 0.0
27 0.25 0.625 0.0
28 0.5 0.625 0.0
29 0.75 0.625 0.0
30 1.0 0.625 0.0
31 0.0 0.75 0.0
32 0.25 0.75 0.0
33 0.5 0.75 0.0
34 0.75 0.75 0.0
35 1.0 0.75 0.0
36 0.0 0.875 0.0
37 0.25 0.875 0.0
38 0.5 0.875 0.0
39 0.75 0.875 0.0
40 1.0 0.875 0.0
41 0.0 1.0 0.0
42 0.25 1.0 0.0
43 0.5 1.0 0.0
44 0.75 1.0 0.0
45 1.0 1.0 0.0
$EndNodes
$Elements
32
1 1 2 7 6 
2 2 3 8 7 
3 3 4 9 8 
4 4 5 10 9 
5 6 7 12 11 
6 7 8 13 12 
7 8 9 14 13 
8 9 10 15 14 
9 11 12 17 16 
10 12 13 18 17 
11 13 14 19 18 
12 14 15 20 19 
13 16 17 22 21 
14 17 18 23 22 
15 18 19 24 23 
16 19 20 25 24 
17 21 22 27 26 
18 22 23 28 27 
19 23 24 29 28 
20 24 25 30 29 
21 26 27 32 31 
22 27 28 33 32 
23 28 29 34 33 
24 29 30 35 34 
25 31 32 37 36 
26 32 33 38 37 
27 33 34 39 38 
28 34 35 40 39 
29 36 37 42 41 
30 37 38 43 42 
31 38 39 44 43 
32 39 40 45 44 
$EndElements
