dim = 1
$Fields
32 3 legendre 1
1 0.13226554626171175 0.419097529651882 0.6564295001178984 0.279873587763262 0.545832927495205 0.7478220538067449 0.419097529651882 0.6564295001178984 0.8176386246732169 
2 0.12676992967594347 0.39155357846030886 0.5969828208191765 0.26487719938325327 0.5032431191732917 0.6705051096327919 0.39155357846030886 0.5969828208191765 0.7223127101244222 
3 0.11339237286310129 0.33966472221901167 0.5004186411612223 0.2334120296574605 0.4293640911196203 0.5514994052805946 0.33966472221901167 0.5004186411612223 0.582076889724849 
4 0.09296462751266427 0.2666571586894832 0.3727408541341634 0.18743443044036048 0.32878928347131087 0.3982041390520108 0.2666571586894832 0.3727408541341634 0.40565034756578444 
5 0.5011739788042238 0.7305751294148614 0.880947603686487 0.6243218106415694 0.8168967047418979 0.9211688797832185 0.7305751294148614 0.880947603686487 0.9368332165859388 
6 0.48035026387530216 0.6825602300593462 0.8011684199875182 0.5908689492218245 0.7531565521765038 0.8259296948856474 0.6825602300593462 0.8011684199875182 0.8276107796121035 
7 0.42966069607730883 0.5921070415254905 0.6715764643299075 0.5206787183667145 0.642588773051254 0.6793382018855546 0.5921070415254905 0.6715764643299075 0.6669315128296573 
8 0.3522569072249911 0.46483950497343046 0.500229136848008 0.4181152066699518 0.4920679363458209 0.490508749813328 0.46483950497343046 0.500229136848008 0.46478567480975097 
9 0.7937832162272237 0.9308292884044678 0.9713494204037214 0.8737226973410046 0.9635953638787055 0.9542760942293863 0.9308292884044678 0.9713494204037214 0.9134034436877072 
10 0.7608016247856312 0.8696532740557412 0.8833833898225725 0.8269062577817357 0.88840872749199 0.8556139711634912 0.8696532740557412 0.8833833898225725 0.8069126102142413 
11 0.6805170731976549 0.7544064312234108 0.7404928586601732 0.7286767921689717 0.7579851393675673 0.703753915469574 0.7544064312234108 0.7404928586601732 0.6502518588553691 
12 0.5579212660291285 0.5922542504057785 0.5515620680651607 0.5851417329078297 0.5804337065186304 0.5081378498884556 0.5922542504057785 0.5515620680651607 0.4531615963565669 
13 0.9655461546424025 0.9893731262230054 0.913872093168912 0.9901072236862462 0.9635953638787055 0.8421034238634656 0.9893731262230054 0.913872093168912 0.750916276510858 
14 0.9254278350062506 0.92434949050371 0.8311112464475101 0.9370545845182705 0.88840872749199 0.7550387764916565 0.92434949050371 0.8311112464475101 0.6633693105922873 
15 0.8277708948262882 0.8018542804788953 0.696675927843907 0.8257404298350729 0.7579851393675673 0.6210294749684807 0.8018542804788953 0.696675927843907 0.5345772539181299 
16 0.678647169649202 0.629503655011996 0.5189246743419905 0.663085734633508 0.5804337065186304 0.44840756859914543 0.629503655011996 0.5189246743419905 0.37254777277819595 
17 0.990313443710963 0.8972938742638135 0.7172660240202898 0.9557569005695896 0.8168967047418979 0.6017281409008788 0.8972938742638135 0.7172660240202898 0.47410891330822846 
18 0.9491660463713828 0.8383218762714864 0.6523099498430244 0.9045448451828599 0.7531565521765038 0.5395157725425197 0.8383218762714864 0.6523099498430244 0.4188340468904329 
19 0.8490041014794665 0.7272270843586214 0.5467964023964182 0.7970925724144204 0.642588773051254 0.44375892654964566 0.7272270843586214 0.5467964023964182 0.3375181080267298 
20 0.6960551936420969 0.5709168346074799 0.4072857030141392 0.6400809441483873 0.4920679363458209 0.32041129981534694 0.5709168346074799 0.4072857030141392 0.23521692794831475 
21 0.8643144881882517 0.6686097639371812 0.41146270474727725 0.7759012532990915 0.545832927495205 0.2697452031653136 0.6686097639371812 0.41146270474727725 0.12512276586242227 
22 0.8284023313881085 0.6246673557836612 0.37420037657935845 0.7343263528877993 0.5032431191732917 0.24185638294644127 0.6246673557836612 0.37420037657935845 0.11053509628959954 
23 0.740984129923741 0.541886156974683 0.3136720814058056 0.6470945965058347 0.4293640911196203 0.19893010424831342 0.541886156974683 0.3136720814058056 0.08907488979752813 
24 0.6074951241590253 0.4254131015079683 0.23364117545647678 0.5196296322648823 0.32878928347131087 0.14363531517032752 0.4254131015079683 0.23364117545647678 0.062076438085064044 
25 0.606731486869225 0.338135878013716 0.04301791859519855 0.4779216737761828 0.19167103502517632 -0.10330399650581448 0.338135878013716 0.04301791859519855 -0.24291218844524037 
26 0.5815218709368285 0.31591289300145464 0.03912218811634593 0.4523133300505364 0.17671548318618122 -0.09262344851966166 0.31591289300145464 0.03912218811634593 -0.21459182071818206 
27 0.5201560416249902 0.2740479744015945 0.03279402946565773 0.39858233420636 0.15077261851020282 -0.07618402311893874 0.2740479744015945 0.03279402946565773 -0.17292917293746027 
28 0.42644942897975585 0.2151440800832368 0.02442689689809542 0.32006941932339533 0.11545544267057041 -0.05500784415199973 0.2151440800832368 0.02442689689809542 -0.120514626752325 
29 0.25677911670898335 -0.04381613012797067 -0.33197595570459604 0.10718285179161127 -0.19167103502517632 -0.4606260991619929 -0.04381613012796998 -0.33197595570459604 -0.5739659640665872 
30 0.2461099771443035 -0.04093644398271729 -0.3019119988438619 0.1014397029436266 -0.17671548318618122 -0.41300219958229806 -0.04093644398271665 -0.3019119988438619 -0.5070490783013196 
31 0.22013891121509377 -0.035511528023062865 -0.25307661618201915 0.08938952468182407 -0.15077261851020282 -0.339699823576222 -0.0355115280230623 -0.25307661618201915 -0.40860633669957686 
32 0.18048067401201873 -0.027878677248225233 -0.1885061552826492 0.07178153872643263 -0.11545544267057041 -0.24527655784953414 -0.02787867724822479 -0.1885061552826492 -0.28475843213448465 
$EndFields
